249 174 88
240 136 45
241 137 48
249 173 79
248 175 87
249 173 78
248 172 80
237 159 80
249 173 79
247 175 86
249 172 85
249 175 87
247 175 88
236 157 56
249 175 88
249 173 84
249 173 88
246 175 88
248 172 85
249 175 88
249 175 88
249 175 88
244 175 88
249 172 80
246 174 88
249 175 88
249 173 78
249 175 88
248 173 88
252 179 84
252 175 72
252 175 70
252 179 86
252 179 86
252 179 86
252 179 86
252 179 84
245 175 88
249 174 88
245 175 88
249 173 88
249 172 69
249 175 88
248 174 88
248 166 65
247 173 88
249 175 88
249 175 88
248 173 88
248 166 65
247 173 88
249 175 88
247 172 78
247 173 87
248 169 65
249 174 88
248 175 88
245 170 79
246 175 88
246 173 87
244 173 88
244 174 88
245 168 67
249 175 88
246 173 87
248 174 87
248 175 88
245 168 67
249 175 88
246 173 87
247 165 64
248 175 88
247 174 88
244 174 87
247 173 87
248 169 65
249 174 88
247 174 88
245 168 67
248 174 88
248 174 87
249 174 88
247 174 88
247 166 74
248 174 88
248 169 65
249 174 88
247 174 88
247 166 74
247 173 87
248 169 65
249 175 88
247 174 88
247 166 74
249 175 88
248 169 65
249 174 88
247 174 88
247 166 74
248 174 88
248 169 65
249 174 88
247 174 88
247 166 74
247 173 87
247 165 64
249 175 88
247 174 88
244 174 87
248 174 88
248 170 76
249 174 88
244 174 88
245 168 67
246 175 88
248 170 76
248 170 76
248 175 88
247 174 88
244 174 87
247 173 87
247 165 64
249 174 88
247 174 88
247 166 74
248 171 88
248 170 76
247 162 63
244 173 88
246 173 87
247 174 88
249 174 88
236 158 72
247 166 74
244 174 88
248 169 65
244 174 87
244 173 88
248 175 88
245 170 79
244 174 87
246 173 87
248 174 87
248 175 88
245 170 79
244 174 87
246 173 87
236 158 72
249 174 88
247 174 88
247 166 74
248 174 88
248 169 65
249 174 88
247 174 88
247 166 74
247 173 87
248 169 65
249 174 88
247 174 88
247 162 63
248 174 88
248 169 65
249 174 88
248 173 88